Bestand;Bestand;Bestand;Bestand;Bestand;Bestand;3244168,48;50559439,36;-163350,91;258054,76;1110686,80;49140,78;663,80;1690,55;84,24;0,599915029;2,17714E-06;-6540,623999
EnEV'16;FB;EPS;Pellets;0,1;EnEV'16_FB_EPS_Pellets_0.1;531429,68;1670135,52;-195844,54;23662,69;141236,25;3926,59;88,14;1646,47;-28,31;0,000203357;4,71163E-06;-0,000825199
EnEV'16;FB;EPS;Pellets;0,05;EnEV'16_FB_EPS_Pellets_0.05;540670,37;1658328,13;-166033,95;24572,75;140237,74;2141,17;91,36;1634,83;-25,79;4,72004E-07;4,67832E-06;-0,000824607
EnEV'16;FB;Holz;Pellets;0,1;EnEV'16_FB_Holz_Pellets_0.1;647644,37;1670135,52;-206456,12;19955,38;141236,25;10249,13;139,22;1646,47;-22,00;0,000633571;4,71163E-06;-0,000867817
EnEV'16;FB;Holz;Pellets;0,05;EnEV'16_FB_Holz_Pellets_0.05;572782,20;1658328,13;-499538,99;-882,76;140237,74;4986,18;96,14;1634,83;-45,72;0,000190453;4,67832E-06;-0,000825435
EnEV'16;FB;HF MW;Pellets;0,1;EnEV'16_FB_HFMW_Pellets_0.1;728068,42;1670135,52;-747309,95;-11487,82;141236,25;7550,15;113,12;1646,47;-64,43;0,000190491;4,71163E-06;-0,0008265
EnEV'16;FB;HF MW;Pellets;0,05;EnEV'16_FB_HFMW_Pellets_0.05;633902,91;1658328,13;-211015,38;18898,03;140237,74;9624,91;133,18;1634,83;-24,21;0,000633502;4,67832E-06;-0,000867786
EnEV'16;2WSV;EPS;Pellets;0,1;EnEV'16_2WSV_EPS_Pellets_0.1;1078520,17;1607962,55;-362974,01;42236,54;135978,54;13848,81;188,79;1585,18;-32,89;0,001719468;7,65558E-07;-5745,516728
EnEV'16;2WSV;EPS;Pellets;0,05;EnEV'16_2WSV_EPS_Pellets_0.05;1078520,17;1513966,45;-362974,01;42236,54;128029,69;13848,81;188,79;452,01;-32,89;0,001719468;4,53623E-06;-5745,516728
EnEV'16;2WSV;Holz;Pellets;0,1;EnEV'16_2WSV_Holz_Pellets_0.1;1106125,16;1670135,52;-612270,86;24037,03;135978,54;15486,89;194,50;480,07;-49,21;1,1963E-05;7,65558E-07;-5745,516729
EnEV'16;2WSV;Holz;Pellets;0,05;EnEV'16_2WSV_Holz_Pellets_0.05;1106125,16;1658328,13;-612270,86;24037,03;128029,69;15486,89;194,50;452,01;-49,21;0,001710833;7,20806E-07;-5745,516729
EnEV'16;2WSV;HF MW;Pellets;0,1;EnEV'16_2WSV_HFMWPellets_0.1;1210700,04;1670135,52;-424911,59;37548,51;135978,54;21451,04;230,30;480,07;-34,57;0,002153873;7,65558E-07;-5745,516772
EnEV'16;2WSV;HF MW;Pellets;0,05;EnEV'16_2WSV_HFMW_Pellets_0.05;1210700,04;1658328,13;-424911,59;37548,51;128029,69;21451,04;230,30;452,01;-34,57;0,002153873;7,20806E-07;-5745,516772
EnEV'16;3WSV;EPS;Pellets;0,1;EnEV'16_3WSV_EPS_Pellets_0.1;1146554,24;1517470,79;-367933,06;47688,15;128326,04;13195,18;271,73;403,62;-42,80;0,001732177;6,43643E-07;-5745,516729
EnEV'16;3WSV;EPS;Pellets;0,05;EnEV'16_3WSV_EPS_Pellets_0.05;1146554,24;1407026,43;-363381,17;46778,09;118986,23;13818,89;207,46;420,08;-33,07;0,001719549;6,69892E-07;-5745,516728
EnEV'16;3WSV;Holz;Pellets;0,1;EnEV'16_3WSV_Holz_Pellets_0.1;1174159,22;1501580,27;-612678,02;28578,58;126982,25;15456,97;213,16;448,31;-49,40;0,001710914;7,14909E-07;-5745,516729
EnEV'16;3WSV;Holz;Pellets;0,05;EnEV'16_3WSV_Holz_Pellets_0.05;1174159,22;1407026,43;-612678,02;28578,58;118986,23;15456,97;213,16;420,08;-49,40;0,001710914;6,69892E-07;-5745,516729
EnEV'16;3WSV;HF MW;Pellets;0,1;EnEV'16_3WSV_HFMW_Pellets_0.1;1277223,20;1501580,27;-425316,27;42751,78;126982,25;21421,30;252,08;448,31;-34,76;0,002153969;7,14909E-07;-5745,516772
EnEV'16;3WSV;HF MW;Pellets;0,05;EnEV'16_3WSV_HFMW_Pellets_0.05;1277223,20;1407026,43;-425316,27;42751,78;118986,23;21421,30;252,08;420,08;-34,76;0,002153969;6,69892E-07;-5745,516772
EnEV'16;FB;EPS;WP;0,1;EnEV'16_FB_EPS_WP_0.1;1219085,51;9123632,78;-502324,13;37731,00;690214,65;29339,91;188,64;1095,90;-31,93;19,25818053;0,001247319;-2616,317015
EnEV'16;FB;EPS;WP;0,05;EnEV'16_FB_EPS_WP_0.05;1100590,00;9131772,34;-472513,52;33800,43;690830,42;38175,29;180,02;1096,88;-17,58;19,25817188;0,001248431;-874,1742739
EnEV'16;FB;Holz;WP;0,1;EnEV'16_FB_Holz_WP_0.1;1296271,01;9123632,78;-1315498,78;-12880,31;690214,65;44165,39;198,27;1095,90;-79,46;19,25814898;0,001247319;-2616,31877
EnEV'16;FB;Holz;WP;0,05;EnEV'16_FB_Holz_WP_0.05;1174472,84;9131772,34;-1082826,08;720,94;690830,42;66184,09;192,10;1096,88;-39,75;19,25814895;0,001248431;-874,1742593
EnEV'16;FB;HF MW;WP;0,1;EnEV'16_FB_HFMW_WP_0.1;1167727,16;9123632,78;-636032,30;28698,91;690214,65;44365,06;231,01;1095,90;-29,52;19,25859206;0,001247319;-2616,31881
EnEV'16;FB;HF MW;WP;0,05;EnEV'16_FB_HFMW_WP_0.05;1168992,39;9131772,34;-646585,95;28817,63;690830,42;60254,57;229,34;1096,88;-16,02;19,25859204;0,001248431;-874,1743017
EnEV'16;2WSV;EPS;WP;0,1;EnEV'16_2WSV_EPS_WP_0.1;1647680,49;8831151,26;-674005,48;52374,28;668088,04;38638,42;280,66;1060,77;-38,72;19,25968799;0,001207333;-8361,832918
EnEV'16;2WSV;EPS;WP;0,05;EnEV'16_2WSV_EPS_WP_0.05;1468193,27;8305607,00;-674806,28;51224,41;628329,94;33004,66;269,81;997,64;-39,11;19,25968763;0,001135484;-8361,832918
EnEV'16;2WSV;Holz;WP;0,1;EnEV'16_2WSV_Holz_WP_0.1;1724081,16;8831151,26;-1111716,21;21373,66;668088,04;41514,52;292,50;1060,77;-67,39;19,25966431;0,001207333;-8361,832919
EnEV'16;2WSV;Holz;WP;0,05;EnEV'16_2WSV_Holz_WP_0.05;1796062,53;8305607,00;-1111716,21;37603,96;628329,94;41514,52;318,18;997,64;-67,39;19,25966449;0,001135484;-8361,832919
EnEV'16;2WSV;HF MW;WP;0,1;EnEV'16_2WSV_HFMW_WP_0.1;1769784,65;8831151,26;-776638,04;43862,75;668088,04;46226,97;331,62;1060,77;-40,82;19,26010741;0,001207333;-8361,832961
EnEV'16;2WSV;HF MW;WP;0,05;EnEV'16_2WSV_HFMW_WP_0.05;1841766,02;8305607,00;-776638,04;60093,05;628329,94;46226,97;357,30;997,64;-40,82;19,26010759;0,001135484;-8361,832961
EnEV'16;3WSV;EPS;WP;0,1;EnEV'16_3WSV_EPS_WP_0.1;1706473,87;8236420,74;-674412,65;56915,83;623095,91;38608,50;299,33;989,33;-38,91;19,25968807;0,001126025;-8361,832918
EnEV'16;3WSV;EPS;WP;0,05;EnEV'16_3WSV_EPS_WP_0.05;1706471,98;7707891,98;-674412,65;56915,80;583112,02;38608,50;299,33;925,84;-38,91;19,25959372;0,001053768;-8361,832918
EnEV'16;3WSV;Holz;WP;0,1;EnEV'16_3WSV_Holz_WP_0.1;1782874,54;8236420,74;-1112123,37;25915,21;623095,91;41484,61;311,17;989,33;-67,58;19,25966439;0,001126025;-8361,832919
EnEV'16;3WSV;Holz;WP;0,05;EnEV'16_3WSV_Holz_WP_0.05;1782874,54;7707891,98;-1112123,37;25915,21;583112,02;41484,61;311,17;925,84;-67,58;19,25966439;0,001053768;-8361,832919
EnEV'16;3WSV;HF MW;WP;0,1;EnEV'16_3WSV_HFMW_WP_0.1;1869897,60;8236420,74;-777031,93;51941,50;623095,91;46197,97;366,92;989,33;-41,00;19,26010757;0,001126025;-8361,832961
EnEV'16;3WSV;HF MW;WP;0,05;EnEV'16_3WSV_HFMW_WP_0.05;1828578,03;7707891,98;-777031,93;51941,50;583112,02;46197,97;366,92;925,84;-41,00;19,26010757;0,001053768;-8361,832961
EnEV'16;FB;EPS;Gas;0,1;EnEV'16_FB_EPS_Gas_0.1;531429,68;18335320,81;-191292,66;23662,69;1110686,80;4550,30;88,14;498,64;-49,40;0,000203357;7,89538E-07;-0,00082523
EnEV'16;FB;EPS;Gas;0,05;EnEV'16_FB_EPS_Gas_0.05;531429,68;18335320,81;-161482,07;23662,69;1110686,80;2764,88;88,14;495,11;-23,58;0,000203357;7,89538E-07;-0,000824638
EnEV'16;FB;Holz;Gas;0,1;EnEV'16_FB_Holz_Gas_0.1;647644,37;18465869,34;-206456,12;19955,38;1118594,95;10249,13;139,22;498,64;-22,00;0,000633571;7,95159E-07;-0,000867817
EnEV'16;FB;Holz;Gas;0,05;EnEV'16_FB_Holz_Gas_0.05;572782,20;10459590,59;-499538,99;-882,76;633603,81;4986,18;96,14;282,44;-45,72;0,000190453;4,50401E-07;-0,000825435
EnEV'16;FB;HF MW;Gas;0,1;EnEV'16_FB_HFMW_Gas_0.1;647644,37;10452433,83;-206456,12;19955,38;643454,85;10249,13;139,22;476,65;-22,00;0,000633571;4,66131E-07;-0,000867817
EnEV'16;FB;HF MW;Gas;0,05;EnEV'16_FB_HFMW_Gas_0.05;531429,68;10464132,43;-161482,07;23662,69;644175,02;2764,88;88,14;477,18;-23,58;0,000203357;4,66653E-07;-0,000824638
EnEV'16;2WSV;Holz;Gas;0,1;EnEV'16_2WSV_Holz_Gas_0.1;1106125,16;17778453,35;-612270,86;24037,03;1076953,80;15486,89;194,50;480,07;-49,21;0,001710833;7,65558E-07;-5745,516729
EnEV'16;2WSV;Holz;Gas;0,05;EnEV'16_2WSV_Holz_Gas_0.05;1106125,16;16739184,61;-612270,86;24037,03;1013998,70;15486,89;194,50;452,01;-49,21;0,001710833;7,20806E-07;-5745,516729
EnEV'16;2WSV;HF MW;Gas;0,1;EnEV'16_2WSV_HFMW_Gas_0.1;1226270,33;17778453,35;-420351,73;38762,42;1076953,80;22075,31;237,07;480,07;-32,36;0,002153945;7,65558E-07;-5745,516772
EnEV'16;2WSV;HF MW;Gas;0,05;EnEV'16_2WSV_HFMW_Gas_0.05;1209189,14;16739184,61;-420357,22;37300,17;1013998,70;22074,93;230,20;452,01;-32,36;0,002153911;7,20806E-07;-5745,516772
EnEV'16;3WSV;EPS;Gas;0,1;EnEV'16_3WSV_EPS_Gas_0.1;1100355,44;16777930,30;-363381,17;45516,14;1016345,77;13818,89;271,73;453,06;-42,80;0,001732177;7,22475E-07;-5745,516729
EnEV'16;3WSV;EPS;Gas;0,05;EnEV'16_3WSV_EPS_Gas_0.05;1137313,55;15556801,17;-363381,17;46778,09;942374,22;13818,89;207,46;420,08;-33,07;0,001719549;6,69892E-07;-5745,516728
EnEV'16;3WSV;Holz;Gas;0,1;EnEV'16_3WSV_Holz_Gas_0.1;1164918,54;16602236,63;-612678,02;28578,58;1005702,89;15456,97;213,16;448,31;-49,40;0,001710914;7,14909E-07;-5745,516729
EnEV'16;3WSV;Holz;Gas;0,05;EnEV'16_3WSV_Holz_Gas_0.05;1164918,54;15556801,17;-612678,02;28578,58;942374,22;15456,97;213,16;420,08;-49,40;0,001710914;6,69892E-07;-5745,516729
EnEV'16;3WSV;HF MW;Gas;0,1;EnEV'16_3WSV_HFMW_Gas_0.1;1290802,49;16602236,63;-420757,06;43795,24;1005702,89;22045,52;258,05;448,31;-32,55;0,002154038;7,14909E-07;-5745,516772
EnEV'16;3WSV;HF MW;Gas;0,05;EnEV'16_3WSV_HFMW_Gas_0.05;1290802,49;15556801,17;-420757,06;43795,24;942374,22;22045,52;258,05;420,08;-32,55;0,002154038;6,69892E-07;-5745,516772
KfW70;3WSV;EPS;Pellets;0,1;KfW70_3WSV_EPS_Pellets_0.1;1387952,14;706759,72;-457826,10;54970,29;59767,66;19475,42;226,66;211,01;-41,06;0,001785003;3,36492E-07;-5745,51673
KfW70;3WSV;EPS;Pellets;0,05;KfW70_3WSV_EPS_Pellets_0.05;1300788,29;706075,69;-407962,84;52187,25;59709,81;16488,99;219,46;210,81;-36,84;0,001736671;3,36166E-07;-5745,516729
KfW70;3WSV;Holz;Pellets;0,1;KfW70_3WSV_Holz_Pellets_0.1;1862825,22;706759,72;-1890516,87;-6589,23;473361,50;49766,41;296,68;211,01;-124,22;6,419266338;3,36492E-07;-8361,832923
KfW70;3WSV;Holz;Pellets;0,05;KfW70_3WSV_Holz_Pellets_0.05;1618538,13;706759,72;-1483691,69;12671,87;59767,66;44434,47;273,67;211,01;-96,62;6,419266236;3,36492E-07;-8361,832921
KfW70;3WSV;HF MW;Pellets;0,1;KfW70_3WSV_HFMW_Pellets_0.1;1585253,56;706759,72;-949195,56;48640,16;473361,50;45605,28;322,43;211,01;-58,17;6,419743125;3,36492E-07;-8361,832964
KfW70;3WSV;HF MW;Pellets;0,05;KfW70_3WSV_HFMW_Pellets_0.05;1546802,49;706759,72;-932585,32;47008,09;59767,66;45632,38;305,84;211,01;-57,30;6,419709268;3,36492E-07;-8361,832962
KfW70;3WSV;EPS;WP;0,1;KfW70_3WSV_EPS_WP_0.1;1839936,95;4556797,00;-647687,85;62419,57;344727,60;37268,32;285,98;547,35;-38,01;12,83661944;0,000622973;-7489,735382
KfW70;3WSV;EPS;WP;0,05;KfW70_3WSV_EPS_WP_0.05;1623419,72;4556797,00;-597824,59;55219,71;344727,60;34281,89;270,37;547,35;-33,79;12,83661056;0,000622973;-7489,735381
KfW70;3WSV;Holz;WP;0,1;KfW70_3WSV_Holz_WP_0.1;2245569,40;4556797,00;-1882682,14;-10566,64;344727,60;51583,73;354,77;547,35;-119,85;19,25957024;0,000622973;-8361,832923
KfW70;3WSV;Holz;WP;0,05;KfW70_3WSV_Holz_WP_0.05;2001282,30;4564393,92;-1475856,95;8694,46;345302,32;46251,78;331,75;548,26;-92,25;19,25957013;0,000624012;-8361,832921
KfW70;3WSV;HF MW;WP;0,1;KfW70_3WSV_HFMW_WP_0.1;1901396,99;4556797,00;-793644,40;52978,58;344727,60;46170,72;380,71;547,35;-41,87;19,26004707;0,000622973;-8361,832964
KfW70;3WSV;HF MW;WP;0,05;KfW70_3WSV_HFMW_WP_0.05;1862945,92;4564393,92;-777034,16;51346,51;345302,32;46197,82;364,12;548,26;-41,00;19,26001321;0,000624012;-8361,832961
KfW70;3WSV;EPS;Gas;0,1;KfW70_3WSV_EPS_Gas_0.1;1387952,14;7814295,61;-457826,10;54970,29;473361,50;19475,42;226,66;211,01;-41,06;0,001785003;3,36492E-07;-5745,51673
KfW70;3WSV;EPS;Gas;0,05;KfW70_3WSV_EPS_Gas_0.05;1300788,29;7806732,64;-407962,84;52187,25;472903,36;16488,99;219,46;210,81;-36,84;0,001736671;3,36166E-07;-5745,516729
KfW70;3WSV;Holz;Gas;0,1;KfW70_3WSV_Holz_Gas_0.1;1862825,22;7814295,61;-1890516,87;-6589,23;473361,50;49766,41;296,68;211,01;-124,22;6,419266338;3,36492E-07;-8361,832923
KfW70;3WSV;Holz;Gas;0,05;KfW70_3WSV_Holz_Gas_0.05;1618538,13;7814295,61;-1483691,69;12671,87;473361,50;44434,47;273,67;211,01;-96,62;6,419266236;3,36492E-07;-8361,832921
KfW70;3WSV;HF MW;Gas;0,1;KfW70_3WSV_HFMW_Gas_0.1;1660722,46;7814295,61;-928031,32;54981,75;473361,50;46256,24;353,32;211,01;-55,95;6,419743317;3,36492E-07;-8361,832964
KfW70;3WSV;HF MW;Gas;0,05;KfW70_3WSV_HFMW_Gas_0.05;1544132,12;7814295,61;-1483691,69;46660,48;473361,50;44434,47;305,27;211,01;-55,09;6,419709304;3,36492E-07;-8361,832962
KfW 55;3WSV;EPS;Pellets;0,1;KfW55_3WSV_EPS_Pellets_0.1;1953533,20;572395,39;-569221,63;74462,81;48405,04;25250,82;226,66;211,01;-41,06;0,001785003;3,36492E-07;-5745,51673
KfW 55;3WSV;EPS;Pellets;0,05;KfW55_3WSV_EPS_Pellets_0.05;1492800,08;6328695,16;-452812,93;58569,79;383369,25;19175,17;233,32;170,89;-40,64;0,001745495;2,7252E-07;-5745,51673
KfW 55;3WSV;Holz;Pellets;0,1;KfW55_3WSV_Holz_Pellets_0.1;2386264,79;6328695,16;-2762234,41;-47860,43;383369,25;61191,35;346,01;170,89;-183,36;6,419266559;2,7252E-07;-8361,832926
KfW 55;3WSV;Holz;Pellets;0,05;KfW55_3WSV_Holz_Pellets_0.05;1838264,83;6328695,16;-1849615,35;-4652,74;383369,25;49230,35;294,37;170,89;-121,45;6,419266328;2,7252E-07;-8361,832922
KfW 55;3WSV;HF MW;Pellets;0,1;KfW55_3WSV_HFMW_Pellets_0.1;1695237,99;6328695,16;-1020567,67;51575,83;383369,25;44851,40;362,44;170,89;-66,61;6,425298184;2,7252E-07;-8361,832973
KfW 55;3WSV;HF MW;Pellets;0,05;KfW55_3WSV_HFMW_Pellets_0.05;1608971,33;6328695,16;-964078,57;49833,41;383369,25;44944,53;323,96;170,89;-63,66;6,425183157;2,7252E-07;-8361,832965
KfW 55;3WSV;EPS;WP;0,1;KfW55_3WSV_EPS_WP_0.1;2266923,95;4208695,15;-754531,49;76585,21;318393,25;43667,43;317,03;505,53;-47,05;12,83664974;0,000575383;-7489,735384
KfW 55;3WSV;EPS;WP;0,05;KfW55_3WSV_EPS_WP_0.05;1815431,52;4202726,14;-642674,68;61602,25;317941,68;36968,07;284,23;504,82;-37,58;12,83661938;0,000574567;-7489,735382
KfW 55;3WSV;Holz;WP;0,1;KfW55_3WSV_Holz_WP_0.1;2769008,97;4208695,15;-2754399,68;-51837,84;318393,25;63008,67;404,09;505,53;-178,99;19,25957046;0,000575383;-8361,832927
KfW 55;3WSV;Holz;WP;0,05;KfW55_3WSV_Holz_WP_0.05;2221009,01;4202726,14;-1841780,61;-8630,15;317941,68;51047,67;352,45;504,82;-117,08;19,25957023;0,000574567;-8361,832923
KfW 55;3WSV;HF MW;WP;0,1;KfW55_3WSV_HFMW_WP_0.1;2138522,79;4208695,15;-850085,04;67635,44;318393,25;46080,94;479,94;505,53;-44,81;19,26016239;0,000575383;-8361,832973
KfW 55;3WSV;HF MW;WP;0,05;KfW55_3WSV_HFMW_WP_0.05;1897532,10;4202726,14;-793645,64;52647,72;317941,68;46170,63;379,15;504,82;-41,87;19,26004706;0,000574567;-8361,832964
KfW 55;3WSV;EPS;Gas;0,1;KfW55_3WSV_EPS_Gas_0.1;1713304,34;6328695,16;-581453,57;65665,57;383369,25;19475,42;226,66;211,01;-41,06;0,001785003;3,36492E-07;-5745,51673
KfW 55;3WSV;EPS;Gas;0,05;KfW55_3WSV_EPS_Gas_0.05;1492800,08;6328695,16;-452812,93;58569,79;383369,25;19175,17;233,32;170,89;-40,64;0,001745495;2,7252E-07;-5745,51673
KfW 55;3WSV;Holz;Gas;0,1;KfW55_3WSV_Holz_Gas_0.1;2386264,79;6328695,16;-2762234,41;-47860,43;383369,25;61191,35;346,01;170,89;-183,36;6,419266559;2,7252E-07;-8361,832926
KfW 55;3WSV;Holz;Gas;0,05;KfW55_3WSV_Holz_Gas_0.05;1838264,83;6328695,16;-1849615,35;-4652,74;383369,25;49230,35;294,37;170,89;-121,45;6,419266328;2,7252E-07;-8361,832922
KfW 55;3WSV;HF MW;Gas;0,1;KfW55_3WSV_HFMW_Gas_0.1;1813138,67;6328695,16;-1001084,31;62386,96;383369,25;46139,21;418,44;170,89;-58,90;6,419858477;2,7252E-07;-8361,832973
KfW 55;3WSV;HF MW;Gas;0,05;KfW55_3WSV_HFMW_Gas_0.05;1572147,98;6328695,16;-944644,91;47399,24;383369,25;46228,91;317,65;170,89;-55,96;6,419743141;2,7252E-07;-8361,832964
EnEV'16 Aufstockung;3WSV;EPS;Gas;0,1;EnEV'16 As 3WSV_EPS_Gas_0.1;2042530,00;22314647,29;-515494,65;92946,45;1351739,87;20432,78;453,54;602,56;-45,81;8,20;0,00;-7779,95
KfW70 Aufstockung;3WSV;EPS;Gas;0,1;KfW 70 As 3WSV_EPS_Gas_0.1;2274064,48;10393013,16;-591528,88;100557,67;629570,80;24986,65;404,26;280,64;-42,51;8,20;0,00;-7779,95
KfW 55 Aufstockung;3WSV;EPS;Gas;0,1;KfW 55 As 3WSV_EPS_Gas_0.1;2655478,90;8417164,56;-733567,05;113095,88;509881,10;26089,31;408,47;280,64;-44,07;8,20;0,00;-7779,95
EnEV'16 Aufstockung;3WSV;HF Holz;Gas;0,1;EnEV'16 As 3WSV_HF Holz_Gas_0.1;2177333,37;22314647,29;-1410852,84;23345,08;1351739,87;28329,37;453,54;602,56;-45,81;8,20;0,00;-7779,95
KfW70 Aufstockung;3WSV;HF Holz;Gas;0,1;KfW 70 As 3WSV_HF Holz_Gas_0.1;2631088,74;10393013,16;-2419924,43;-11676,19;629570,80;57545,38;451,26;280,64;-98,07;14,62;0,00;-10396,27
KfW 55 Aufstockung;3WSV;HF Holz;Gas;0,1;KfW 55 As 3WSV_HF Holz_Gas_0.1;2915242,76;8417164,56;-1835104,87;-34474,27;509881,10;63740,83;476,18;227,29;-124,45;14,62;0,00;-10396,27
EnEV'16 Solarthermie;FB;EPS;Pellets;0,1;EnEV'16_FB_EPS_Pellets_0.1_Solarthermie;531429,68;1670135,52;-195844,54;23662,69;141236,25;3926,59;88,14;1646,47;-28,31;0,000203357;4,71163E-06;-0,000825199
EnEV'16 Solarthermie;3WSV;EPS;Pellets;0,1;EnEV'16_3WSV_EPS_Pellets_0.1 Solarthermie;1303190,02;1351893,70;-401088,24;58696,69;114323,89;11626,89;271,73;1332,74;-42,80;0,001732177;3,81384E-06;-5745,516729
EnEV'16 Solarthermie;FB;EPS;WP;0,1;EnEV'16_FB_EPS_WP_0.1 Solarthermie;1219085,51;8308320,19;-502324,13;37731,00;628535,20;29339,91;188,64;997,97;-31,93;19,25818053;0,001135855;-2616,317015
EnEV'16 Solarthermie;3WSV;EPS;WP;0,1;EnEV'16_3WSV_EPS_WP_0.1 Solarthermie;1863109,65;7421108,15;-707567,83;67924,37;561416,46;37040,21;299,33;891,40;-38,91;19,25968807;0,001014561;-8361,832918
EnEV'16 Solarthermie;FB;EPS;Gas;0,1;EnEV'16_FB_EPS_Gas_0.1 Solarthermie;531429,68;16637026,31;-191292,66;23662,69;1007810,32;4550,30;88,14;449,25;-49,40;0,000203357;7,16407E-07;-0,00082523
EnEV'16 Solarthermie;3WSV;EPS;Gas;0,1;EnEV'16_3WSV_EPS_Gas_0.1 Solarthermie;1256991,23;14947225,60;-396536,36;56524,68;905448,36;12250,60;205,05;403,62;-33,07;0,00173082;6,43643E-07;-5745,516728
KfW70 Solarthermie;3WSV;EPS;Pellets;0,1;KfW70_3WSV_EPS_Pellets_0.1 Solarthermie;1683181,98;556820,58;-495533,17;71305,71;47087,94;17283,41;226,66;548,93;-41,06;0,001785003;1,57085E-06;-5745,51673
KfW70 Solarthermie;3WSV;EPS;WP;0,1;KfW70_3WSV_EPS_WP_0.1 Solarthermie;1996572,73;3731988,25;-680843,04;73428,11;282329,75;35700,02;285,98;448,27;-38,01;12,83661944;0,000510211;-7489,735382
KfW70 Solarthermie;3WSV;EPS;Gas;0,1;KfW70_3WSV_EPS_Gas_0.1 Solarthermie;1544587,92;6156492,10;-490981,29;48677,68;372937,82;17907,12;226,66;166,24;-41,06;0,001785003;2,65105E-07;-5745,51673
KfW 55 Solarthermie;3WSV;EPS;Pellets;0,1;KfW55_3WSV_EPS_Pellets_0.1 Solarthermie;2110168,98;422319,45;-602376,81;85471,35;35713,76;23682,53;226,66;416,34;-41,06;0,001785003;1,19141E-06;-5745,51673
KfW 55 Solarthermie;3WSV;EPS;WP;0,1;KfW55_3WSV_EPS_WP_0.1 Solarthermie;2423559,73;3393382,56;-787686,67;87593,75;256713,79;42099,14;317,03;407,60;-47,05;12,83664974;0,000463919;-7489,735384
KfW 55 Solarthermie;3WSV;EPS;Gas;0,1;KfW55_3WSV_EPS_Gas_0.1 Solarthermie;1869940,13;4669379,05;-597824,93;76674,11;282853,94;24306,24;226,66;126,09;-41,06;0,001785003;2,01068E-07;-5745,51673